    229     55
    229    141
    229     76
    229    228
    229     34
    229    120
    229    146
    229    158
    230    223
    230     76
    230    196
    230    200
    230    199
    231     34
    231    119
    231      5
    231    193
    232    191
    232    142
    232    115
    232    160
    234     80
    234    152
    235     21
    235     29
    235    122
    235    218
    235     89
    235    100
    235    197
    235    112
    235    113
    235    164
    237    198
    237    112
    237    210
    238    198
    238    111
    238     22
    239    147
    239    148
    240    165
    243    121
    244    186
    244    155
    246    144
    246    112
    246    113
    246    134
    247    112
    247    113
    247    100
    248    185
    248     84
    249    179
    250     84
    250    185
    250    128
    250    206
    252    107
    252     43
    252    122
    252    178
    254    215
    254     99
    257     45
    257    206
    257     94
    258    137
    258    145
    258     76
    258    196
    258    158
    259    223
    259    191
    259    138
    259    258
    259      7
    259    115
    259    116
    259     76
    259    196
    259    189
    259    160
    260     12
    261     52
    261     74
    264     38
    265     38
    266    205
    266    144
    266    216
    266     32
    266     23
    266    165
    266     91
    266    224
    267     29
    267    206
    267    224
    268     15
    268     73
    268    169
    268    114
    268    227
    269    179
    270     45
    136    109
    136    115
    136    132
    136    131
    137     34
    137    120
    137    203
    137     35
    138    191
    138    115
    138     76
    138    196
    138    189
    139    205
    140    205
    140    212
    140    194
    140     91
    140    132
    140     92
    140    206
    140     94
    140    133
    142     52
    142     61
    142    108
    142     67
    142     70
    142    115
    142     74
    142    118
    142     90
    142    188
    142    189
    142    209
    142    102
    144    112
    144    113
    144     32
    144    134
    145    223
    145    116
    145    196
    145     76
    145      5
    146    107
    146    122
    147    109
    148    223
    148    196
    148    120
    148    211
    148    206
    149     99
    151     57
    151     61
    151    190
    151    192
    152     80
    152    201
    153     14
    154     59
    154     67
    156     52
    156     38
    156     69
    156     39
    156    108
    156      1
    156     40
    156    119
    156    209
    157    198
    157    112
    157    122
    157    210
    158    223
    158    212
    158    107
    158    194
    158    196
    158    132
    158     92
    160     52
    160    191
    160    190
    160    112
    160     72
    160    115
    160     74
    160    188
    160    189
    160    209
    160      2
    161    215
    161    140
    161    206
    162    123
    162    199
    163     59
    163    207
    163     76
    163     43
    163    121
    163     85
    163     99
    163     41
    163    101
    163    224
    164    216
    165     29
    165    119
    165     23
    166     93
    166    210
    166    113
    166    116
    166     95
    168     43
    168     83
    168     41
    169    161
     15    169
    169     73
    169    114
    169    227
    170     44
    174     89
    177    200
    182    223
    184     39
    184     38
    184     69
    184     88
    184    126
    185    128
    185     98
    186     39
    186      7
    186     36
    187     84
    187     14
    185     14
    188      1
    188    108
    189     61
    189      1
    189     67
    189    115
    189    119
    189     92
    189    131
    189    132
    190     55
    190    108
    190      1
    190    112
    190    115
    190    188
    191    223
    191    115
    191     74
    191     76
    191    189
    192     57
    192    114
    193     34
    193    120
    194     55
    194     34
    194    132
    194     92
    194      5
    195     34
    196     15
    196     76
    196    116
    197     55
    197    106
    197    113
    197      7
    197    116
    197     34
    197      5
    197    131
    198     45
    198    111
    198    112
    198    113
    198    114
    198    134
    198     98
    199    123
    201     80
    202     51
    203    113
    203     34
    203     80
    205     91
    205     92
    206     56
    207     91
    207     96
    208     52
    208     66
    208      1
    208     17
    208     69
    208     40
    208     74
    208     82
    208     19
    209     61
    209      1
    209     67
    209     70
    209    115
    209    118
    209    119
    209    122
    209     90
    209      2
    209    102
    210    134
    210    111
    210    112
    210    198
    212    121
    212     91
    212    132
    212     92
    212    133
    213    119
    213    122
    214     91
    217    107
    218     62
    218    194
    218     76
    218     43
    218     29
    218     20
    218    122
    218     89
    218     92
    218     21
    219     60
    219     81
    219    124
    220     60
    221    109
    221     36
    223    116
    223     76
    223    132
    223     92
    223    131
    225     95
    225    117
    225    128
    227     15
    227     73
    227    114
    227     76
    227     43
    104     59
    106     82
    107     59
    107      5
    108      1
    109     36
    110     59
    110     62
    110     88
    111     22
    111     89
    112     89
    114     15
    114     73
    115     55
    115    131
    116     76
    116     82
    116      5
    117     29
    117     20
    117     89
    117     21
    118     67
    118     45
    118     61
    119     42
    118     42
    119     61
    119      1
    119     67
    119     70
    119     90
    119      2
    120      7
    120      6
    120     34
    120     54
    120      5
    121     45
    121     59
    121     44
    121     73
    121     43
    121     85
    121     86
    121     91
    121     41
    122     62
    122     63
    122     29
    122     20
    122     89
    122     91
    122     21
    122    100
    124     60
    124     65
    124     81
    124     87
    126     52
    126     39
    126     38
    126     69
    126     72
    126     74
    128     80
    128     84
    131     55
    131     34
    131      5
    131     92
    132     20
    132      5
    132     92
    134     45
    135     45
    135     29
    135     23
    135     21
     52     17
     52     74
     52     18
     52     19
     55     34
     57     34
     57     14
     58     39
     58     36
     59     43
     59     20
     61      1
     61     43
     61     56
     61     90
     61     94
     61      2
     62     20
     63     29
     63     20
     64     20
     64     32
     65     34
     65     80
     66     52
     66     74
     66     87
     67      1
     67      3
     69     39
     69     38
     70     43
     70     32
     70     42
     70     46
     72      1
    106     52
     74      1
     74     52
     74     17
     74     18
     74     19
     76     34
     78     34
     79     11
     80     65
     82     17
     83     41
     85     43
     85     42
     85     41
     86     92
     89      5
     90      1
     90     33
     90     43
     92     34
     92      5
     95      7
     95     20
     95     21
     96     43
     96     21
     97     14
     98     30
    272     24
    101     43
    101     42
    101     41
      5     34
      9     44
     34     35
     35     34
     38     39
     38     40
     39     38
     40     39
     40     38
     43     20
     44      1
     44     34
    274    206
    275    161
    275    212
    275    172
    275    194
    275     91
    275    132
    275    133
    277     76
    277    146
    277     84
    277     59
    279    106
    279    298
    286    159
    285    120
    285    179
    283    239
    283    207
    283    163
    283    147
    283    148
    282    197
    282    113
    282    199
    282    123
    282    206
    282    225
    281    140
    281    212
    281    258
    281    173
    281    216
    281     76
    281     91
    294    246
    294    112
    294    134
    294    168
    293     59
    292    263
    292    121
    292    267
    292    237
    292    134
    292     41
    292    168
    292    236
    291     61
    291    144
    291    112
    291    113
    291     43
    291    297
    291     32
    297     61
    297     43
    290    179
    290     95
    289    121
    289     85
    289     91
    289    133
    289    225
    289    233
    289    103
    288    249
    288    179
    278    232
    278    142
    278    209
    278    160
    305    160
    304    138
    304    232
    304    142
    304    160
    304    259
    303     34
    303    120
    302    232
    302    142
    302    145
    302    209
    302    158
    302    160
    301    239
    299    264
    299     38
    299     88
    299    184
    298     82
    310    256
    310    150
    309    257
    309    256
    309    150
    309     28
    308     30
    308     91
    308     98
    307    268
    307     43
    307    164
    311    268
    311     15
    311     73
    311    169
    311    114
    311    227
    311    291
    311    297
