 1 2
 1 3
 1 4
 1 5
 1 6
 1 7
 1 8
 1 9
 1 11 
 1 12 
 1 13 
 1 14 
 1 15 
 1 16 
 1 18 
 1 19 
 1 24 
 1 25 
 1 28 
 1 30 
 1 31 
 1 33 
 1 40 
 1 41 
 1 44 
 1 50 
 1 57 
 1 58 
 1 61 
 2 1
 2 3
 3 1
 3 2
 3 4
 3 5
 3 7
 3 8
 3 9
 3 11 
 3 12 
 3 13 
 3 14 
 3 15 
 3 16 
 3 18 
 3 19 
 3 24 
 3 25 
 3 28 
 3 30 
 3 31 
 3 33 
 3 40 
 3 41 
 3 44 
 3 57 
 3 58 
 3 61 
 4 1
 4 3
 4 5
 4 19 
 4 24 
 4 28 
 4 30 
 4 31 
 4 33 
 4 41 
 5 1
 5 3
 5 4
 5 19 
 5 24 
 5 28 
 5 30 
 5 31 
 5 33 
 5 41 
 6 1
 6 19 
 6 20 
 6 39 
 6 40 
 6 44 
 6 54 
 7 1
 7 3
 7 8
 7 10 
 7 11 
 7 12 
 7 13 
 7 14 
 7 15 
 7 16 
 7 18 
 7 30 
 7 40 
 7 41 
 7 44 
 7 50 
 7 53 
 7 56 
 7 57 
 7 58 
 7 59 
 7 61 
 8 1
 8 3
 8 7
 8 9
 8 10 
 8 25 
 9 1
 9 3
 9 8
 9 25 
 10 7 
 10 8 
 11 1 
 11 3 
 11 7 
 11 12
 11 13
 11 14
 11 15
 11 16
 11 18
 11 30
 11 40
 11 41
 11 44
 11 49
 11 50
 11 57
 11 58
 11 61
 12 1 
 12 3 
 12 7 
 12 11
 12 13
 12 14
 12 15
 12 16
 12 18
 12 58
 13 1 
 13 3 
 13 7 
 13 11
 13 12
 13 14
 13 15
 13 16
 13 18
 13 58
 14 1 
 14 3 
 14 7 
 14 11
 14 12
 14 13
 14 15
 14 16
 14 18
 14 58
 15 1 
 15 3 
 15 7 
 15 11
 15 12
 15 13
 15 14
 15 16
 15 18
 15 58
 15 59
 16 1 
 16 3 
 16 7 
 16 11
 16 12
 16 13
 16 14
 16 15
 16 18
 16 58
 16 60
 18 1 
 18 3 
 18 7 
 18 11
 18 12
 18 13
 18 14
 18 15
 18 16
 18 40
 18 41
 18 44
 18 54
 18 57
 18 58
 18 61
 19 1 
 19 3 
 19 4 
 19 5 
 19 6 
 19 24
 19 28
 19 30
 19 31
 19 33
 19 36
 19 37
 19 41
 19 43
 19 51
 20 6 
 20 22
 20 23
 20 24
 20 36
 20 37
 21 23
 21 35
 21 52
 21 63
 21 64
 21 65
 21 66
 21 67
 22 20
 22 24
 22 36
 22 37
 22 63
 23 20
 23 21
 23 24
 24 1 
 24 3 
 24 4 
 24 5 
 24 19
 24 20
 24 22
 24 23
 24 28
 24 30
 24 31
 24 33
 24 36
 24 37
 24 41
 24 42
 25 1 
 25 3 
 25 8 
 25 9 
 25 27
 25 38
 25 55
 25 56
 27 25
 27 38
 27 55
 27 56
 28 1 
 28 3 
 28 4 
 28 5 
 28 19
 28 24
 28 30
 28 31
 28 33
 28 41
 28 61
 30 1 
 30 3 
 30 4 
 30 5 
 30 7 
 30 11
 30 19
 30 24
 30 28
 30 31
 30 33
 30 41
 31 1 
 31 3 
 31 4 
 31 5 
 31 19
 31 24
 31 28
 31 30
 31 32
 31 33
 31 34
 31 41
 31 62
 31 63
 32 31
 32 33
 32 34
 33 1 
 33 3 
 33 4 
 33 5 
 33 19
 33 24
 33 28
 33 30
 33 31
 33 32
 33 34
 33 41
 34 31
 34 32
 34 33
 34 63
 34 70
 35 21
 35 64
 35 65
 35 66
 35 67
 36 19
 36 20
 36 22
 36 24
 36 37
 37 19
 37 20
 37 22
 37 24
 37 36
 38 25
 38 27
 38 55
 38 56
 39 6 
 39 61
 40 1 
 40 3 
 40 6 
 40 7 
 40 11
 40 18
 40 41
 40 44
 40 57
 40 61
 40 63
 41 1 
 41 3 
 41 4 
 41 5 
 41 7 
 41 11
 41 18
 41 19
 41 24
 41 28
 41 30
 41 31
 41 33
 41 40
 41 44
 41 57
 41 61
 42 24
 43 19
 44 1 
 44 3 
 44 6 
 44 7 
 44 11
 44 18
 44 40
 44 41
 44 57
 44 61
 45 63
 49 11
 50 1 
 50 7 
 50 11
 50 61
 51 19
 52 21
 53 7 
 54 6 
 54 18
 55 25
 55 27
 55 38
 55 56
 56 7 
 56 25
 56 27
 56 38
 56 55
 56 60
 57 1 
 57 3 
 57 7 
 57 11
 57 18
 57 40
 57 41
 57 44
 58 1 
 58 3 
 58 7 
 58 11
 58 12
 58 13
 58 14
 58 15
 58 16
 58 18
 59 7 
 59 15
 60 16
 60 56
 61 1 
 61 3 
 61 7 
 61 11
 61 18
 61 28
 61 39
 61 40
 61 41
 61 44
 61 50
 61 68
 61 69
 62 31
 63 21
 63 22
 63 31
 63 34
 63 40
 63 45
 63 64
 63 65
 63 66
 63 67
 63 70
 64 21
 64 35
 64 63
 64 65
 64 66
 64 67
 65 21
 65 35
 65 63
 65 64
 65 66
 65 67
 66 21
 66 35
 66 63
 66 64
 66 65
 66 67
 67 21
 67 35
 67 63
 67 64
 67 65
 67 66
 68 61
 68 69
 69 61
 69 68
 70 34
 70 63
